eval_loss = 0.009996496140956879
eval_precision = 0.9688493324856962
eval_recall = 0.9767665438231052
eval_f1 = 0.9727918295699354
eval_runtime = 287.854
eval_samples_per_second = 68.646
eval_steps_per_second = 8.581
epoch = 5.0
