eval_loss = 0.006522126030176878
eval_precision = 0.9814602277743445
eval_recall = 0.9885292548461675
eval_f1 = 0.9849820582111372
eval_runtime = 349.2759
eval_samples_per_second = 78.394
eval_steps_per_second = 9.8
epoch = 5.0
